1 0.75871166860993399794
2 0.63151576154953548148
3 0.54944936713642711368
4 0.48769693273373609932
5 0.43831474268655939985
6 0.39716220862087647792
7 0.36188858122646111459
8 0.33102415739674045936
9 0.30358911502689028827
10 0.27889757678016591225
11 0.25645072382483768969
12 0.23587444195164708471
13 0.21688095099128520959
14 0.19924413795674505989
15 0.18278311245784115147
16 0.16735090105260611026
17 0.15282646678886541158
18 0.1391089455397548913
19 0.12611339909325489095
20 0.11376762996906898684
21 0.10200975461271973022
22 0.090786328136182467552
23 0.080050876723821287606
24 0.069762735787040272561
25 0.059886120487665499279
26 0.050389375007554290664
27 0.041244360841444574484
28 0.032425954324193435874
29 0.023911630790267996566
30 0.015681118040783464246
