1 0.028828054526098149946
2 0.0011824812237972736652
3 6.730085608309409914e-05
4 6.9103876456519643448e-07
5 2.1761309054288245436e-08
6 2.2940660439452961015e-09
7 1.472824610303636236e-09
8 2.0489074557505046874e-10
9 3.0542748944866066255e-12
10 2.1070900087101642522e-12
11 4.6904252991520618704e-13
12 9.1960494368590341383e-14
13 2.1697823918393691159e-15
14 3.6255193662840283316e-14
15 6.0652579656680451258e-15
16 7.4286744165080804474e-15
17 4.2877502138349028785e-14
18 1.2492792662485359458e-14
19 2.2815802933131349405e-14
20 3.0217206523405835204e-14
21 2.1257612703599878212e-14
22 7.4286744165080804474e-15
23 7.3651759171595573011e-14
24 3.4112682097234511609e-14
25 1.3271887777251095054e-14
26 1.3271887777251095054e-14
27 2.1452386482291314872e-14
28 1.9309874916685543165e-14
29 7.7352460966732812756e-14
30 2.5593299492222365196e-15
