1 0.76078225236224883421
2 0.64026122456978917796
3 0.55751493916687178132
4 0.49477347426732903868
5 0.44468880774065400185
6 0.40293561769982566556
7 0.36714958206730136103
8 0.33583642493031529153
9 0.30800254546726918425
10 0.28295205462258010698
11 0.26017887995395821976
12 0.23930347012144054242
13 0.22003386100601460273
14 0.20214065253191432214
15 0.18544032463539680822
16 0.16978376723605628773
17 0.1550481837944096275
18 0.14113124387974954055
19 0.12794677448263855335
20 0.11542152854480915158
21 0.10349272290689358333
22 0.092106135703388006264
23 0.081214617504311054086
24 0.070776912581711912131
25 0.060756715839430187887
26 0.051121911275540207753
27 0.041843951295156667225
28 0.032897347112692536253
29 0.024259246439658939398
30 0.015909082511748447175
