1 0.757559742435445993
2 0.63127916333021416584
3 0.54946246951296817684
4 0.48769707653343435938
5 0.43831476917644596192
6 0.39716220617201808407
7 0.36188858126268158566
8 0.33102415738271218082
9 0.30358911502749835742
10 0.27889757678006626973
11 0.25645072382483846685
12 0.23587444195165457872
13 0.21688095099128287813
14 0.19924413795675341432
15 0.18278311245783918082
16 0.16735090105260835847
17 0.15282646678887526481
18 0.13910894553976968502
19 0.12611339909325830488
20 0.11376762996909314807
21 0.10200975461270628264
22 0.090786328136188323978
23 0.080050876723821676184
24 0.06976273578702936462
25 0.059886120487679127267
26 0.050389375007542411278
27 0.041244360841477881174
28 0.032425954324192263201
29 0.023911630790273061958
30 0.015681118040803330299
