1 0.75247584513360021852
2 0.62149197040829040617
3 0.53930849787547019414
4 0.47685206383469064262
5 0.42696865811215178876
6 0.38539361076183670241
7 0.34975825870418891794
8 0.31857727574668487369
9 0.2908608534766304321
10 0.26591607253462301586
11 0.24323899905777193742
12 0.22245168169151122162
13 0.20326338873951438346
14 0.1854456881410573299
15 0.16881583424919227587
16 0.15322534622555439299
17 0.13855194573273491021
18 0.12469373415616548384
19 0.11156490213627119623
20 0.099092511717371226099
21 0.087214044651748423576
22 0.075875507907276776298
23 0.065029951021267573541
24 0.054636292338880274033
25 0.044658380003717225437
26 0.035064233527652241551
27 0.025825425809931572274
28 0.016916575510734218474
