1 0.75655658337092601684
2 0.62538883935874700626
3 0.54228517084842131624
4 0.4795356106059125989
5 0.42936659947404842708
6 0.38755843774202231033
7 0.35172287108084565599
8 0.32036674813577814547
9 0.29249463996226404694
10 0.26740974247630472371
11 0.24460529021328358823
12 0.22370120897465972654
13 0.20440513398465559591
14 0.18648735006544830961
15 0.16976408507419191163
16 0.15408602414486913257
17 0.13933020209375954201
18 0.12539414793435296747
19 0.11219157030967867594
20 0.09964912156623083328
21 0.087703932286766039805
22 0.076301706156348722554
23 0.065395228988098672018
24 0.054943188368601951488
25 0.044909229373805974184
26 0.035261191878874692529
27 0.02597048910590818091
28 0.017011597146324976271
29 0.008361632495659578404
30 2.2204460492503130808e-16
