1 0.75683538473540101776
2 0.62865038869606559846
3 0.54594583722168821271
4 0.48371320928367200764
5 0.43394701804447416427
6 0.39247447747197511392
7 0.35692655857786231843
8 0.32582212968699753031
9 0.29817374949306318932
10 0.27329020720377777964
11 0.25066880511881944882
12 0.22993251987682075677
13 0.21079133349909623396
14 0.19301737471985591643
15 0.176428346525904306
16 0.16087613259406255417
17 0.14623875477586503746
18 0.13241456461421297064
19 0.11931796340846170801
20 0.10687619226299224784
21 0.095026886410176550357
22 0.083716185368828563429
23 0.072897253937957720571
24 0.062529111316770788487
25 0.052575694400370319437
26 0.043005101211577440035
27 0.033788974437102298198
28 0.02490199504751584858
29 0.016321463223048400526
30 0.0080269491260336819916
