1 0.74965186966403751789
2 0.62454188208500815982
3 0.54109013675747286154
4 0.47851320704358890623
5 0.42845038838560101091
6 0.38673144130311604139
7 0.35097234161473356284
8 0.31968312943452326103
9 0.29187049638467449375
10 0.26683912663981784741
11 0.24408333596268053101
12 0.22322386117530074179
13 0.20396896137156700357
14 0.18608941155381644728
15 0.16940183172391098942
16 0.15375722563337826387
17 0.13903289048934333594
18 0.12512657396442908309
19 0.11195216883556180498
20 0.099436483963130553598
21 0.08751678408462239267
22 0.076138888746051625045
23 0.065255684509167216634
24 0.054825947115485385019
25 0.044813399217525230755
26 0.035185949315675917048
27 0.025915071632391824263
28 0.016975296723497606405
29 0.0083437899149373263158
30 2.2204460492503130808e-16
