1 0.22549049148987179714
2 0.0015321570718974059176
3 4.5738154473285482903e-05
4 1.4107208514620444411e-06
5 4.0898322627112962435e-08
6 1.232084959429335042e-09
7 3.6208030326950565941e-11
8 1.0737050749560363e-12
9 3.1604109000270021659e-14
10 8.2323357801593141533e-16
11 2.2204460492503130808e-16
12 2.2204460492503130808e-16
13 7.0299578339775137416e-16
14 7.0299578339775137416e-16
15 4.6252019416139139042e-16
16 7.0299578339775137416e-16
17 4.6252019416139139042e-16
18 7.0299578339775137416e-16
19 3.4228239954321134925e-16
20 4.6252019416139139042e-16
21 2.2204460492503130808e-16
22 3.4228239954321134925e-16
23 5.8275798877957143159e-16
24 4.6252019416139139042e-16
25 4.6252019416139139042e-16
26 3.4228239954321134925e-16
27 3.4228239954321134925e-16
28 5.8275798877957143159e-16
29 4.6252019416139139042e-16
30 2.2204460492503130808e-16
