1 0.7561354819589516385
2 0.62885246925068016832
3 0.54592325224957460872
4 0.48371413128898499423
5 0.43394704576902087823
6 0.39247447524018175269
7 0.35692655767970682401
8 0.32582212981608643654
9 0.29817374949282521301
10 0.27329020720187791049
11 0.25066880511920658359
12 0.22993251987675225601
13 0.21079133349910897377
14 0.19301737471985452865
15 0.17642834652590647093
16 0.16087613259406441379
17 0.14623875477586681382
18 0.13241456461421347024
19 0.11931796340844963433
20 0.10687619226298890329
21 0.09502688641017163762
22 0.083716185368830339786
23 0.072897253937962633308
24 0.062529111316769220297
25 0.052575694400367571635
26 0.043005101211574692233
27 0.033788974437109361992
28 0.024901995047520362331
29 0.016321463223048400526
30 0.0080269491260370195995
