1 0.087708131155512042421
2 0.00096143745505758654649
3 2.5383036366207514497e-06
4 1.9211544094071149777e-06
5 2.2303626940697068676e-08
6 9.0516724849961662626e-10
7 9.3622718419393612392e-11
8 1.5548437684384384452e-11
9 1.7451650556585019435e-12
10 2.8474511895814760938e-14
11 5.5193822219668556137e-15
12 7.5177836662921377809e-16
13 3.9862252549309209855e-16
14 3.9862252549309209855e-16
15 5.7520044606115288902e-16
16 5.7520044606115288902e-16
17 3.9862252549309209855e-16
18 3.9862252549309209855e-16
19 2.2204460492503130808e-16
20 3.9862252549309209855e-16
21 2.2204460492503130808e-16
22 3.9862252549309209855e-16
23 3.9862252549309209855e-16
24 3.9862252549309209855e-16
25 3.9862252549309209855e-16
26 3.9862252549309209855e-16
27 3.9862252549309209855e-16
28 3.9862252549309209855e-16
29 3.9862252549309209855e-16
30 2.2204460492503130808e-16
