1 0.49056231244922876567 6 0.51164570225402261627 6 
2 0.011818113974901883062 60 0.0090696847605030526257 29 
3 0.00091606151036305099797 159 0.0008139487859444597892 142 
4 4.703780549190169811e-05 469 3.0645815177362076981e-05 513 
5 2.5003924122441689197e-06 1122 1.2817486979953535888e-06 846 
6 1.3569157021491271681e-07 2303 5.5813304982696611942e-08 1903 
7 7.5149660146175955239e-09 3900 2.4372306236530638223e-09 3203 
8 4.2313342844329152349e-10 7064 1.0396345548311039683e-10 5454 
9 2.4116256706926239124e-11 10660 4.315657874144961208e-12 8128 
10 1.3865789346522319507e-12 17071 1.7546860301765767456e-13 12300 
11 8.0246089556349330808e-14 25352 7.1587712035127549601e-15 22773 
12 4.9391602075555278575e-15 37297 5.5559504795112046232e-16 26169 
13 8.1168405525384337677e-16 50001 4.5790038505655613556e-16 34455 
14 3.3997249499079372182e-16 69531 3.888198264380758852e-16 52148 
15 5.9496533719078430774e-16 81326 5.7582827512231845069e-16 60664 
16 3.3997249499079372182e-16 102749 5.9496533719078430774e-16 75393 
17 3.3997249499079372182e-16 131761 4.8573938355519818806e-16 96207 
18 4.5790038505655613556e-16 165958 4.8573938355519818806e-16 120517 
19 4.8573938355519818806e-16 205675 4.5790038505655613556e-16 151426 
20 5.7582827512231845069e-16 258477 4.5790038505655613556e-16 204092 
21 3.3997249499079372182e-16 331442 3.3997249499079372182e-16 237036 
22 3.3997249499079372182e-16 370448 4.8573938355519818806e-16 269012 
23 3.3997249499079372182e-16 444372 4.5790038505655613556e-16 320422 
24 3.3997249499079372182e-16 548934 4.5790038505655613556e-16 376379 
25 2.2204460492503130808e-16 614499 5.9496533719078430774e-16 445966 
