1 0.084423123344965850245 
2 0.025483904323396880387 
3 0.0055360419847914959721 
4 0.001142071427694877489 
5 0.00018361546284323100944 
6 7.5962673330456207638e-06 
7 1.1864861076322575075e-05 
8 7.6107218033835147424e-06 
9 3.3980835920604534878e-06 
10 1.3080732211018031667e-06 
11 4.6068620432909667755e-07 
12 1.5190479099689209605e-07 
13 4.7321231297401216858e-08 
14 1.3941580525786462558e-08 
15 3.8605250853081636872e-09 
16 9.8797040767725080218e-10 
17 2.2444540963998908779e-10 
18 4.0211224863985094511e-11 
19 2.5946098018910058385e-12 
20 2.3324409371498944338e-12 
21 1.6666471121917016685e-12 
22 7.8445356517112916155e-13 
23 3.1391465461558843285e-13 
24 1.1424342417604544634e-13 
25 3.8764481110567828136e-14 
26 1.2801867631072332875e-14 
27 3.9693752903864880852e-15 
28 1.2931904788790157643e-15 
29 4.9178336999093713268e-16 
30 2.2204460492503130808e-16 
