1 0.12559049451327178
2 0.01633050386856278
3 0.00063917494429284265
4 1.8637911606594283e-05
5 7.6738579192156568e-07
6 5.8210080756034883e-08
7 5.0472719913849126e-09
8 4.0582067472507475e-10
9 3.8747810184888843e-11
10 3.5277259144488246e-12
11 3.4697411893206252e-13
12 3.4771568301918123e-14
13 3.8568474775403088e-15
14 1.0522563498585873e-15
15 6.5371482312542652e-16
16 5.1063158655959279e-16
17 4.5757324304814559e-16
18 6.4408527977125306e-16
19 5.0419389238025989e-16
20 5.1063158655959279e-16
21 5.0201510079737973e-16
22 4.3787971402522892e-16
23 6.5633795495337152e-16
24 5.1063158655959279e-16
25 4.3787971402522892e-16
26 4.5757324304814559e-16
27 5.1063158655959279e-16
28 6.5633795495337152e-16
29 5.0419389238025989e-16
30 2.2204460492503131e-16
