1 0.099457165841749795021 
2 0.00066466555295563120066 
3 0.00012632110858993095075 
4 4.4782496469708286458e-05 
5 6.5964439487562765766e-06 
6 6.1845016520563244035e-07 
7 2.8010230055025441903e-08 
8 4.0582284661775028126e-09 
9 1.3556883249532533176e-09 
10 2.2402350245492238682e-10 
11 2.5239872199845551916e-11 
12 1.6300314024905144782e-12 
13 8.1112891097007599264e-14 
14 4.6725089798453113753e-14 
15 8.6662402941214410063e-15 
16 1.6905618215627601464e-15 
17 3.4442103964484204461e-16 
18 5.8917390908446356697e-16 
19 3.4442103964484204461e-16 
20 4.6679747436465278114e-16 
21 4.6679747436465278114e-16 
22 4.6679747436465278114e-16 
23 7.115503438042742542e-16 
24 3.4442103964484204461e-16 
25 2.2204460492503130808e-16 
26 3.5886561836381240596e-16 
27 4.6679747436465278114e-16 
28 7.1535978443950416191e-16 
29 3.4442103964484204461e-16 
30 2.2204460492503130808e-16 
