1 0.091229961789806163219 
2 0.0029856524300879675078 
3 0.00012012944360296165687 
4 0.00014518460440111446812 
5 3.766626720795091714e-05 
6 7.3253737800740073425e-06 
7 1.1165459394133363172e-06 
8 1.1481499907760334125e-07 
9 2.4086482382628372388e-10 
10 3.9242888733411388648e-09 
11 1.2606825367589206339e-09 
12 2.7501986085353763124e-10 
13 4.6170127907550918309e-11 
14 5.5593040063890584723e-12 
15 2.1541072888613740905e-13 
16 1.2403094949164313465e-13 
17 4.7860227082758218248e-14 
18 1.216316882237972771e-14 
19 2.1085063189763712215e-15 
20 9.7882452665802920309e-16 
21 3.6257510841684319402e-16 
22 6.0043456579153025559e-16 
23 7.4029549474443652084e-16 
24 3.6257510841684319402e-16 
25 3.6257510841684319402e-16 
26 6.0432890468935574659e-16 
27 4.8117004983473391446e-16 
28 6.1952489285551117515e-16 
29 7.287345410315301802e-16 
30 2.2204460492503130808e-16 
