1 0.10230531543246146331 
2 0.00073418598328849581092 
3 3.7067024650757044617e-05 
4 1.8763335682202033072e-06 
5 8.0440139963713362599e-08 
6 3.2144347923731221067e-09 
7 1.2343767787863772096e-10 
8 4.6194177205520454945e-12 
9 1.6974125530944400523e-13 
10 6.1368878466872305032e-15 
11 3.380219233909567796e-16 
12 3.8606130162720672809e-16 
13 5.8068465558321251029e-16 
14 5.8879708819606103839e-16 
15 3.670162530074381105e-16 
16 4.8137777286298226736e-16 
17 3.5171118889400678772e-16 
18 4.6113797203048547576e-16 
19 3.5171118889400678772e-16 
20 5.8068465558321251029e-16 
21 3.5171118889400678772e-16 
22 5.7477584848952897755e-16 
23 5.8879708819606103839e-16 
24 3.670162530074381105e-16 
25 3.5171118889400678772e-16 
26 3.5171118889400678772e-16 
27 3.8606130162720672809e-16 
28 8.0841863258387117817e-16 
29 5.7477584848952897755e-16 
30 2.2204460492503130808e-16 
