1 0.10238858919044295515 
2 0.00091911709155782859559 
3 3.0823331888735894376e-05 
4 2.1592282755070438569e-06 
5 8.2074712925397801377e-08 
6 3.0573487064812380252e-09 
7 1.1953322119844242995e-10 
8 7.0707508919006820869e-12 
9 1.7582364035720200171e-13 
10 2.1855809870830818519e-14 
11 5.7621664306438849981e-16 
12 3.5358079771531862065e-16 
13 4.6458536035965171417e-16 
14 3.5358079771531862065e-16 
15 3.5358079771531862065e-16 
16 5.7986173433871782447e-16 
17 3.3969415235727134268e-16 
18 3.4331498264234151113e-16 
19 3.3969415235727134268e-16 
20 4.6458536035965171417e-16 
21 3.4331498264234151113e-16 
22 3.4331498264234151113e-16 
23 5.7499324722175151049e-16 
24 3.5358079771531862065e-16 
25 3.3969415235727134268e-16 
26 3.3969415235727134268e-16 
27 3.4331498264234151113e-16 
28 6.9630509260972884047e-16 
29 3.3969415235727134268e-16 
30 2.2204460492503130808e-16 
