1 0.5721013542806761
2 0.026391112534680294
3 0.00090277331538089907
4 0.00012044487566560135
5 2.2255591047240196e-05
6 2.5688649965919517e-06
7 2.2483468781743205e-07
8 1.5859643159933055e-08
9 1.1380485024175172e-09
10 1.2412600161357045e-10
11 1.3983879126939673e-11
12 1.2806797954509441e-12
13 9.0736083092020554e-14
14 4.2661868282477875e-15
15 1.0023965377496249e-15
16 6.4450474431903915e-16
17 6.1323357858027032e-16
18 6.1323357858027032e-16
19 6.4450474431903915e-16
20 8.5450075206767616e-16
21 4.9960917780342647e-16
22 6.4553088170487583e-16
23 8.5463798894618052e-16
24 7.4182822141609308e-16
25 4.8193641317056209e-16
26 6.4388786376695488e-16
27 6.4388786376695488e-16
28 8.5504952106214909e-16
29 7.4284243431511226e-16
30 2.2204460492503131e-16
