1 0.20669450500456965081 10 0.42510353689446622738 21 
2 0.0047479649516238191589 167 0.011272016617978863548 106 
3 0.00043359964727021551439 365 0.001001940645417745716 485 
4 3.9097531008928799036e-05 994 7.11575212389450011e-05 1346 
5 2.9993698288340990271e-06 2475 6.8641232437687922915e-06 2565 
6 2.1509345086512638854e-07 3869 7.3344547327619376294e-07 6449 
7 1.4857329768089135059e-08 9447 8.4973530310194429881e-08 10669 
8 1.0029196756573833729e-09 15102 1.0017307325583738456e-08 16659 
9 6.6644333010001805043e-11 20724 1.2237433434881122253e-09 30188 
10 4.3761062857829785286e-12 32636 1.2712929708667372237e-10 41167 
11 2.8458317945281719054e-13 48613 2.2078730269073216305e-11 55816 
12 1.8421518492526590418e-14 64069 1.2538594150786506756e-12 77949 
13 1.2361368184104624206e-15 84979 4.108163397996274499e-13 102210 
14 2.2204460492503130808e-16 109201 1.4339609737931476901e-14 131517 
15 3.991127860755952608e-16 159011 2.987938013814176947e-15 186970 
16 3.8041920080699447346e-16 184105 1.8057905637446631591e-15 253473 
17 3.8041920080699447346e-16 249466 4.5960649874797600685e-16 328202 
18 3.8041920080699447346e-16 308813 6.9716839257092080422e-16 391244 
19 3.0123190286601289077e-16 364442 3.0123190286601289077e-16 437533 
20 3.8041920080699447346e-16 426323 3.8041920080699447346e-16 542939 
21 3.8041920080699447346e-16 573891 3.8041920080699447346e-16 676474 
22 3.8041920080699447346e-16 717542 3.991127860755952608e-16 852984 
23 4.4602010635666176316e-16 820528 5.7618096722615921351e-16 951866 
24 2.2204460492503130808e-16 938857 5.3879379668895763884e-16 1155317 
25 2.2204460492503130808e-16 1120632 3.8041920080699447346e-16 1379863 
