1 0.90207174453228633
2 0.15028169471245093
3 0.0059445082323100872
4 0.00036458358465501936
5 2.1402840257813072e-05
6 1.7148248606746885e-06
7 1.5447589192745895e-07
8 1.2573446938886219e-08
9 8.7052367404087554e-10
10 6.286144500856679e-11
11 5.8442669090478513e-12
12 4.1746239587412417e-13
13 2.0572120882810911e-14
14 1.8872380067308837e-15
15 9.6220343996763019e-16
16 7.9817339139971435e-16
17 5.8037454465792918e-16
18 7.9817339139971435e-16
19 6.0654627503571513e-16
20 7.5781562298326423e-16
21 6.2891747007054905e-16
22 5.8037454465792918e-16
23 7.9767392985244888e-16
24 6.0579748820997635e-16
25 4.3982869917551263e-16
26 6.2891747007054905e-16
27 6.8908250324268788e-16
28 9.9104794514639895e-16
29 6.3310495121190242e-16
30 2.2204460492503131e-16
