1 0.10223832415283766462 
2 0.00075617905202248251149 
3 3.5856255335378170077e-05 
4 1.885811983134590111e-06 
5 7.9962557603837685274e-08 
6 3.1977231777380598258e-09 
7 1.229185205609833182e-10 
8 4.6210384387623646286e-12 
9 1.6914289260270458347e-13 
10 6.2381160735277319334e-15 
11 3.0934515550163681957e-16 
12 4.5484607312931260629e-16 
13 4.6201086572631215307e-16 
14 4.6201086572631215307e-16 
15 4.6201086572631215307e-16 
16 5.7606361687288504064e-16 
17 4.5665778503068699848e-16 
18 6.8855603573192577124e-16 
19 4.5484607312931260629e-16 
20 4.6201086572631215307e-16 
21 4.6201086572631215307e-16 
22 4.5484607312931260629e-16 
23 4.5665778503068699848e-16 
24 4.6201086572631215307e-16 
25 4.5484607312931260629e-16 
26 4.5665778503068699848e-16 
27 5.7124680723145335401e-16 
28 4.6201086572631215307e-16 
29 4.6201086572631215307e-16 
30 2.2204460492503130808e-16 
