1 0.07712392119740813
2 0.0042594690744598082
3 0.00030299694245289745
4 5.7642817101209286e-05
5 6.1233380585629221e-06
6 6.1122924320509818e-07
7 6.0839975232011333e-08
8 6.4869096297280595e-09
9 7.2521059958562016e-10
10 8.2804706573480005e-11
11 1.0543562513401321e-11
12 2.0145967094272074e-12
13 1.2849491506317049e-12
14 1.5795118087625979e-12
15 1.6481040197965643e-12
16 1.2634202084813674e-12
17 1.0439585113618107e-12
18 1.433815944441134e-12
19 1.3346826759110464e-12
20 9.6902444142399981e-13
21 1.246230432990109e-12
22 1.4715333159399382e-12
23 1.8550488900769241e-12
24 1.1178912351853924e-12
25 1.383081072994435e-12
26 1.300470015903204e-12
27 1.0144188000385543e-12
28 2.6738162559212895e-12
29 6.0002838639430347e-13
30 2.2204460492503131e-16
