1 0.10230531543246158821 15 0.23836546108928097221 41 
2 0.00073418598328837177819 105 0.0065104144968979940633 287 
3 3.7067024650644639957e-05 463 0.00035018637751890242154 1256 
4 1.8763335681284825563e-06 1429 6.5201622172488511524e-05 3389 
5 8.0440139898908711454e-08 2712 5.0045467315561528433e-06 8470 
6 3.2144347579397769629e-09 5919 7.9305951827485984298e-07 17187 
7 1.2343767486578014657e-10 11714 7.6241949895990818654e-08 30423 
8 4.6194451293023510318e-12 17844 1.0039404026633251505e-08 52725 
9 1.6979636234261570014e-13 28108 1.1451006489461647714e-09 76433 
10 6.2128653109654162342e-15 43749 1.2455205269756621303e-10 116209 
11 3.5171118889400678772e-16 77801 1.7207391020767730431e-11 186399 
12 2.8003326415799401919e-16 89693 1.5646534330049926781e-12 249804 
13 4.5580436353223024776e-16 126165 2.5067871578863576661e-13 339677 
14 4.6113797203048537715e-16 171762 2.0636050035876682937e-14 485095 
15 2.5103893454151268829e-16 217126 4.049405939730938877e-15 624815 
16 3.5171118889400678772e-16 284655 5.8068465558321251029e-16 782888 
17 2.2204460492503130808e-16 359411 5.7477584848952887894e-16 971612 
18 3.3802192339095673029e-16 486388 5.7477584848952887894e-16 1267642 
19 2.2204460492503130808e-16 563692 2.2204460492503130808e-16 1532288 
20 4.5580436353223024776e-16 654120 5.7477584848952887894e-16 1807528 
21 2.2204460492503130808e-16 882247 4.539992418568821525e-16 2257754 
22 4.539992418568821525e-16 1003115 2.8003326415799401919e-16 2784665 
23 4.6113797203048537715e-16 1158528 5.7477584848952887894e-16 3232104 
24 2.5103893454151268829e-16 1418804 4.5580436353223024776e-16 3797403 
25 2.2204460492503130808e-16 1616968 4.6113797203048537715e-16 4759288 
