1 0.10232875503168074871 
2 0.0011113638300855729554 
3 4.8267446986387651934e-05 
4 7.0095196133134287349e-06 
5 6.362499056311365533e-07 
6 3.2749133064838946394e-08 
7 4.8509033593172008114e-10 
8 3.0963861023851245213e-10 
9 3.5532299967708602781e-11 
10 2.6482134111100159099e-12 
11 1.0552898874254169253e-13 
12 5.4877317638485007335e-15 
13 1.6592943791220664329e-15 
14 5.8599752195940763274e-16 
15 2.5196135041867240413e-16 
16 3.5583635810371529502e-16 
17 2.2204460492503130808e-16 
18 3.4171158689959569225e-16 
19 2.2204460492503130808e-16 
20 2.8187809591231350017e-16 
21 2.8187809591231350017e-16 
22 2.5196135041867240413e-16 
23 2.8187809591231350017e-16 
24 3.5583635810371529502e-16 
25 3.4171158689959569225e-16 
26 2.8187809591231350017e-16 
27 3.4539450657003471105e-16 
28 4.6874440821503811402e-16 
29 3.5583635810371529502e-16 
30 2.2204460492503130808e-16 
