1 0.080803222405675750872 
2 0.010975257790246566517 
3 0.0010465432126512104818 
4 8.0393946821961993787e-05 
5 8.6845436313943700818e-05 
6 3.4068055907968236812e-05 
7 1.0205831163320852102e-05 
8 2.6076012549929444568e-06 
9 5.7936967444338121059e-07 
10 1.0849718056006740928e-07 
11 1.4850148875806279105e-08 
12 2.7267257902940908468e-10 
13 7.6978142559649042675e-10 
14 3.6910441629395963354e-10 
15 1.2259668502364331745e-10 
16 3.3832559172946339255e-11 
17 8.0685928506146643458e-12 
18 1.6410731681213708107e-12 
19 2.6046282222392597295e-13 
20 1.8875440168380742759e-14 
21 7.6056803487929166965e-15 
22 4.8853934957889591709e-15 
23 1.7768315357768747966e-15 
24 8.697319508783545895e-16 
25 3.555687719121072297e-16 
26 3.5158207411569595451e-16 
27 2.5442897222269745736e-16 
28 4.8313572109438651592e-16 
29 3.5158207411569595451e-16 
30 2.2204460492503130808e-16 
