1 0.1154350910850889117 0.014194269892595281352 0.12482817463087476917 0.083583875000421872792 0.022718211995162385097
2 0.011547939210568120352 0.00093694143391309669695 0.010331263638963864709 0.0026047474810879192066 8.648245906642223525e-05
3 7.7175462449806630756e-05 9.3491970025973489397e-05 2.051896983617053889e-05 3.8420317047281379372e-06 1.110110942066229779e-07
4 5.7983698458139258444e-06 5.7854206474956309045e-06 1.9606732183357148053e-08 2.8030566195873157402e-09 7.300801565079865425e-11
5 3.0297041669542643032e-07 3.0297551596918262912e-07 1.1150551961518942692e-11 1.241850616921864565e-12 3.0214183170790319555e-14
6 1.447701151141856485e-08 1.4477010425743759411e-08 4.7115242389338187059e-15 6.8338870370074883423e-16 3.5291041827597739981e-16
7 6.5127898119097894152e-10 6.5127895531676679592e-10 3.5693799773211049197e-16 3.5291041827597739981e-16 3.5291041827597739981e-16
8 2.8051180439851977689e-11 2.8051236158140217092e-11 3.5291041827597739981e-16 4.8377623162692349153e-16 3.5693799773211049197e-16
9 1.1689750641711254763e-12 1.1689750641711254763e-12 3.5693799773211049197e-16 4.8377623162692349153e-16 3.5291041827597739981e-16
10 4.7712310487454527244e-14 4.7712310487454527244e-14 3.5291041827597739981e-16 3.9338350180131955826e-16 3.5291041827597739981e-16
11 2.2293439506223814073e-15 2.2021952711372004173e-15 3.5291041827597739981e-16 3.5291041827597739981e-16 2.2204460492503130808e-16
12 3.9865669732446834764e-16 3.9865669732446834764e-16 3.6835703221678885333e-16 3.9338350180131955826e-16 3.5291041827597739981e-16
13 3.9338350180131955826e-16 4.8581308434404552841e-16 3.6835703221678885333e-16 3.9338350180131955826e-16 3.5291041827597739981e-16
14 5.6738919215647650012e-16 3.9338350180131945966e-16 2.8747751160050435395e-16 3.5291041827597739981e-16 3.5291041827597739981e-16
15 5.6738919215647650012e-16 3.6835703221678885333e-16 3.5291041827597739981e-16 3.5291041827597739981e-16 3.5291041827597739981e-16
16 5.6738919215647650012e-16 3.9338350180131945966e-16 3.5291041827597739981e-16 3.9338350180131955826e-16 3.9338350180131955826e-16
17 3.9338350180131945966e-16 3.5291041827597739981e-16 4.8581308434404552841e-16 3.9338350180131955826e-16 3.5291041827597739981e-16
18 3.5291041827597739981e-16 4.8377623162692349153e-16 3.5291041827597739981e-16 3.5291041827597739981e-16 3.5291041827597739981e-16
19 5.6472239867760761123e-16 3.5693799773211049197e-16 2.8747751160050435395e-16 3.9338350180131955826e-16 3.5693799773211049197e-16
20 2.2204460492503130808e-16 2.2204460492503130808e-16 2.2204460492503130808e-16 2.2204460492503130808e-16 2.2204460492503130808e-16
21 4.8581308434404552841e-16 3.6835703221678885333e-16 3.5291041827597739981e-16 4.8581308434404552841e-16 3.5291041827597739981e-16
22 3.6835703221678885333e-16 3.6835703221678885333e-16 3.5291041827597739981e-16 3.5291041827597739981e-16 3.5693799773211049197e-16
23 4.8377623162692349153e-16 3.9865669732446834764e-16 3.5693799773211049197e-16 3.9338350180131955826e-16 4.8377623162692349153e-16
24 3.5291041827597739981e-16 3.5291041827597739981e-16 3.5693799773211049197e-16 3.9338350180131955826e-16 3.5291041827597739981e-16
25 4.9183139053918967585e-16 2.8747751160050435395e-16 3.5693799773211049197e-16 3.5291041827597739981e-16 3.5291041827597739981e-16
